N=15000
30000.000000 30000.000000 30000.000000 30000.000000 30000.000000 30000.000000 30000.000000 30000.000000 30000.000000 30000.000000 
30000.000000 30000.000000 30000.000000 30000.000000 30000.000000 30000.000000 30000.000000 30000.000000 30000.000000 30000.000000 
30000.000000 30000.000000 30000.000000 30000.000000 30000.000000 30000.000000 30000.000000 30000.000000 30000.000000 30000.000000 
30000.000000 30000.000000 30000.000000 30000.000000 30000.000000 30000.000000 30000.000000 30000.000000 30000.000000 30000.000000 
30000.000000 30000.000000 30000.000000 30000.000000 30000.000000 30000.000000 30000.000000 30000.000000 30000.000000 30000.000000 
30000.000000 30000.000000 30000.000000 30000.000000 30000.000000 30000.000000 30000.000000 30000.000000 30000.000000 30000.000000 
30000.000000 30000.000000 30000.000000 30000.000000 30000.000000 30000.000000 30000.000000 30000.000000 30000.000000 30000.000000 
30000.000000 30000.000000 30000.000000 30000.000000 30000.000000 30000.000000 30000.000000 30000.000000 30000.000000 30000.000000 
30000.000000 30000.000000 30000.000000 30000.000000 30000.000000 30000.000000 30000.000000 30000.000000 30000.000000 30000.000000 
30000.000000 30000.000000 30000.000000 30000.000000 30000.000000 30000.000000 30000.000000 30000.000000 30000.000000 30000.000000 
checksum=3000000.000000
