24576.00 24576.00 24576.00 24576.00 24576.00 24576.00 24576.00 24576.00 24576.00 24576.00 
24576.00 24576.00 24576.00 24576.00 24576.00 24576.00 24576.00 24576.00 24576.00 24576.00 
24576.00 24576.00 24576.00 24576.00 24576.00 24576.00 24576.00 24576.00 24576.00 24576.00 
24576.00 24576.00 24576.00 24576.00 24576.00 24576.00 24576.00 24576.00 24576.00 24576.00 
24576.00 24576.00 24576.00 24576.00 24576.00 24576.00 24576.00 24576.00 24576.00 24576.00 
24576.00 24576.00 24576.00 24576.00 24576.00 24576.00 24576.00 24576.00 24576.00 24576.00 
24576.00 24576.00 24576.00 24576.00 24576.00 24576.00 24576.00 24576.00 24576.00 24576.00 
24576.00 24576.00 24576.00 24576.00 24576.00 24576.00 24576.00 24576.00 24576.00 24576.00 
24576.00 24576.00 24576.00 24576.00 24576.00 24576.00 24576.00 24576.00 24576.00 24576.00 
24576.00 24576.00 24576.00 24576.00 24576.00 24576.00 24576.00 24576.00 24576.00 24576.00 
checksum=2457600.000000
